t, dx, dth_1, dth_2
0.0,-1e-05,0.00077,-0.00011
0.01667,5e-05,0.00015,-3e-05
0.03333,1e-05,4e-05,-2e-05
0.05,0.0,3e-05,-3e-05
0.06667,-0.0,5e-05,-5e-05
0.08333,-0.0,6e-05,-6e-05
0.1,-0.0,7e-05,-8e-05
0.11667,-0.0,9e-05,-0.0001
0.13333,-0.0,0.00011,-0.00012
0.15,-0.0,0.00013,-0.00014
0.16667,-0.0,0.00015,-0.00016
0.18333,-0.0,0.00017,-0.00019
0.2,-0.0,0.0002,-0.00022
0.21667,-0.0,0.00023,-0.00026
0.23333,-0.0,0.00027,-0.0003
0.25,-0.0,0.00031,-0.00035
0.26667,-0.0,0.00035,-0.0004
0.28333,-0.0,0.00041,-0.00047
0.3,-0.0,0.00047,-0.00054
0.31667,-0.0,0.00053,-0.00063
0.33333,-0.0,0.00061,-0.00072
0.35,-0.0,0.0007,-0.00083
0.36667,-0.0,0.0008,-0.00096
0.38333,-0.0,0.00092,-0.00111
0.4,-0.0,0.00105,-0.00128
0.41667,-1e-05,0.00121,-0.00148
0.43333,-1e-05,0.00139,-0.0017
0.45,-1e-05,0.00159,-0.00196
0.46667,-1e-05,0.00182,-0.00226
0.48333,-1e-05,0.00209,-0.0026
0.5,-1e-05,0.0024,-0.00299
0.51667,-0.00131,0.00023,-0.00308
0.53333,-0.003,-0.0027,-0.00308
0.55,-0.0045,-0.00526,-0.00315
0.56667,-0.00576,-0.0074,-0.00325
0.58333,-0.00678,-0.00913,-0.00337
0.6,-0.00756,-0.01048,-0.0035
0.61667,-0.00811,-0.01148,-0.0036
0.63333,-0.00843,-0.01214,-0.00368
0.65,-0.00854,-0.0125,-0.00373
0.66667,-0.00844,-0.01257,-0.00372
0.68333,-0.00815,-0.0124,-0.00367
0.7,-0.00768,-0.01199,-0.00357
0.71667,-0.00705,-0.01138,-0.00342
0.73333,-0.00627,-0.0106,-0.00321
0.75,-0.00536,-0.00966,-0.00295
0.76667,-0.00434,-0.0086,-0.00265
0.78333,-0.00323,-0.00743,-0.00231
0.8,-0.00203,-0.00619,-0.00192
0.81667,-0.00078,-0.00489,-0.00151
0.83333,0.0,-0.00455,-0.00092
0.85,0.0,-0.00579,-6e-05
0.86667,0.0,-0.0071,0.00086
0.88333,0.0,-0.00849,0.00187
0.9,0.0,-0.00999,0.00299
0.91667,0.0,-0.01163,0.00426
0.93333,1e-05,-0.0134,0.00571
0.95,3e-05,-0.01533,0.00736
0.96667,0.00372,-0.01036,0.00823
0.98333,0.00997,-0.00053,0.00857
1.0,0.01582,0.00847,0.00912
1.01667,0.02107,0.01634,0.00984
1.03333,0.02569,0.0231,0.01066
1.05,0.02965,0.02878,0.01152
1.06667,0.03296,0.03343,0.01236
1.08333,0.0356,0.0371,0.01314
1.1,0.03759,0.03984,0.01382
1.11667,0.03895,0.0417,0.01437
1.13333,0.03968,0.04274,0.01478
1.15,0.03983,0.04303,0.01503
1.16667,0.03941,0.04263,0.01511
1.18333,0.03846,0.0416,0.01501
1.2,0.03703,0.04,0.01474
1.21667,0.03516,0.0379,0.0143
1.23333,0.03288,0.03536,0.01369
1.25,0.03025,0.03245,0.01292
1.26667,0.0273,0.02923,0.01201
1.28333,0.0241,0.02576,0.01097
1.3,0.02068,0.0221,0.00982
1.31667,0.01709,0.0183,0.00856
1.33333,0.01338,0.01442,0.00723
1.35,0.00959,0.01051,0.00582
1.36667,0.00577,0.00661,0.00437
1.38333,0.00195,0.00278,0.00289
1.4,-0.0,0.00261,0.00088
1.41667,-0.0,0.00628,-0.00171
1.43333,-0.0,0.01003,-0.00439
1.45,-2e-05,0.01388,-0.00722
1.46667,-0.00104,0.01601,-0.01001
1.48333,-0.00975,0.00332,-0.01089
1.5,-0.01827,-0.00888,-0.01198
1.51667,-0.0261,-0.01975,-0.0133
1.53333,-0.03315,-0.02927,-0.01474
1.55,-0.03941,-0.03746,-0.01625
1.56667,-0.04483,-0.04436,-0.01773
1.58333,-0.04942,-0.05003,-0.01913
1.6,-0.05316,-0.0545,-0.02041
1.61667,-0.05606,-0.05784,-0.02152
1.63333,-0.05815,-0.0601,-0.02244
1.65,-0.05943,-0.06135,-0.02314
1.66667,-0.05995,-0.06167,-0.02361
1.68333,-0.05973,-0.06112,-0.02383
1.7,-0.05883,-0.05979,-0.0238
1.71667,-0.05728,-0.05774,-0.02353
1.73333,-0.05514,-0.05505,-0.02303
1.75,-0.05246,-0.0518,-0.02229
1.76667,-0.04931,-0.04807,-0.02134
1.78333,-0.04572,-0.04393,-0.02018
1.8,-0.04178,-0.03946,-0.01885
1.81667,-0.03752,-0.03473,-0.01735
1.83333,-0.03302,-0.02981,-0.01571
1.85,-0.02834,-0.02477,-0.01395
1.86667,-0.02352,-0.01967,-0.0121
1.88333,-0.01862,-0.01457,-0.01017
1.9,-0.0137,-0.00953,-0.00819
1.91667,0.30834,0.61543,-0.09638
1.93333,0.244,0.49254,-0.08259
1.95,0.16337,0.34412,-0.07062
1.96667,0.08734,0.20913,-0.06475
1.98333,0.01717,0.08847,-0.06371
2.0,-0.02314,0.02757,-0.07282
2.01667,-0.08483,-0.07425,-0.07702
2.03333,-0.1405,-0.16475,-0.08286
2.05,-0.18828,-0.24124,-0.08988
2.06667,-0.22785,-0.30395,-0.09738
2.08333,-0.25921,-0.35354,-0.10473
2.1,-0.28254,-0.39088,-0.11142
2.11667,-0.29811,-0.41687,-0.11705
2.13333,-0.30631,-0.4325,-0.12131
2.15,-0.30753,-0.43869,-0.12395
2.16667,-0.30221,-0.43637,-0.12483
2.18333,-0.29079,-0.42638,-0.12383
2.2,-0.27374,-0.40952,-0.12091
2.21667,-0.25153,-0.38656,-0.11609
2.23333,-0.22463,-0.35822,-0.10941
2.25,-0.19355,-0.3252,-0.10096
2.26667,-0.1588,-0.2882,-0.09086
2.28333,-0.12092,-0.24793,-0.07926
2.3,-0.08047,-0.20507,-0.06632
2.31667,-0.03803,-0.16034,-0.05224
2.33333,0.0,-0.12574,-0.03565
2.35,0.02826,-0.11138,-0.01532
2.36667,0.07794,-0.05667,0.00034
2.38333,0.12894,-5e-05,0.01634
2.4,0.17896,0.05454,0.03278
2.41667,0.22717,0.10606,0.04941
2.43333,0.27304,0.15401,0.06596
2.45,0.31615,0.19799,0.08216
2.46667,0.35612,0.2377,0.09777
2.48333,0.39268,0.27297,0.11259
2.5,0.42562,0.30367,0.12645
2.51667,0.45479,0.32981,0.13919
2.53333,0.48011,0.35141,0.15069
2.55,0.50155,0.3686,0.16086
2.56667,0.51912,0.3815,0.16962
2.58333,0.53287,0.39029,0.17691
2.6,0.54287,0.39516,0.18272
2.61667,0.54923,0.39631,0.18702
2.63333,0.55205,0.39396,0.18982
2.65,0.55148,0.38832,0.19115
2.66667,0.54766,0.37963,0.19102
2.68333,0.54077,0.3681,0.1895
2.7,0.53099,0.35396,0.18664
2.71667,0.5185,0.33747,0.18251
2.73333,0.50352,0.31886,0.17719
2.75,0.48626,0.29838,0.17076
2.76667,0.46695,0.27629,0.16331
2.78333,0.44583,0.25285,0.15496
2.8,0.42315,0.22833,0.14579
2.81667,0.39916,0.20299,0.13592
2.83333,0.37411,0.17711,0.12547
2.85,0.34826,0.15095,0.11453
2.86667,0.32186,0.12476,0.10323
2.88333,0.29517,0.0988,0.09167
2.9,0.26841,0.0733,0.07997
2.91667,0.24182,0.0485,0.06822
2.93333,0.21562,0.02458,0.05654
2.95,0.19001,0.00174,0.04501
2.96667,0.16516,-0.01986,0.03372
2.98333,0.14124,-0.04009,0.02276
3.0,0.1184,-0.05883,0.01221
3.01667,0.09676,-0.076,0.00212
3.03333,0.07642,-0.09152,-0.00744
3.05,0.05747,-0.10535,-0.01641
3.06667,0.03996,-0.11747,-0.02477
3.08333,0.02396,-0.12787,-0.03246
3.1,0.00948,-0.13657,-0.03947
3.11667,-0.0,-0.13686,-0.04675
3.13333,-1e-05,-0.11996,-0.05565
3.15,-0.00568,-0.11509,-0.06218
3.16667,-0.01983,-0.12776,-0.06565
3.18333,-0.03278,-0.13915,-0.06871
3.2,-0.04387,-0.14809,-0.07143
3.21667,-0.05309,-0.15465,-0.07376
3.23333,-0.06048,-0.15895,-0.07563
3.25,-0.06608,-0.16113,-0.077
3.26667,-0.06997,-0.16134,-0.07785
3.28333,-0.07224,-0.15974,-0.07815
3.3,-0.07295,-0.15648,-0.0779
3.31667,-0.07223,-0.15173,-0.0771
3.33333,-0.07017,-0.14563,-0.07578
3.35,-0.0669,-0.13836,-0.07396
3.36667,-0.06252,-0.13007,-0.07166
3.38333,-0.05716,-0.12092,-0.06892
3.4,-0.05094,-0.11105,-0.06578
3.41667,-0.04399,-0.10063,-0.06228
3.43333,-0.03643,-0.0898,-0.05847
3.45,-0.02839,-0.0787,-0.05439
3.46667,-0.01999,-0.06745,-0.05009
3.48333,-0.01134,-0.0562,-0.04563
3.5,-0.00256,-0.04505,-0.04105
3.51667,0.0,-0.04632,-0.03462
3.53333,2e-05,-0.05288,-0.02732
3.55,0.00544,-0.04936,-0.02122
3.56667,0.01957,-0.0292,-0.01728
3.58333,0.03348,-0.00974,-0.01311
3.6,0.04654,0.00805,-0.00874
3.61667,0.05862,0.02408,-0.00427
3.63333,0.06964,0.03833,0.00018
3.65,0.07954,0.05083,0.00452
3.66667,0.08825,0.06158,0.00865
3.68333,0.09576,0.07061,0.01253
3.7,0.10204,0.07799,0.01608
3.71667,0.10708,0.08375,0.01927
3.73333,0.11091,0.08798,0.02205
3.75,0.11354,0.09074,0.02441
3.76667,0.115,0.09212,0.02633
3.78333,0.11534,0.09221,0.0278
3.8,0.11462,0.0911,0.02881
3.81667,0.11288,0.08889,0.02939
3.83333,0.11021,0.08569,0.02953
3.85,0.10667,0.08159,0.02926
3.86667,0.10233,0.0767,0.02859
3.88333,0.09729,0.07113,0.02756
3.9,0.09162,0.06499,0.02619
3.91667,0.0854,0.05837,0.02451
3.93333,0.07873,0.05137,0.02256
3.95,0.07168,0.0441,0.02037
3.96667,0.06435,0.03665,0.01797
3.98333,0.05681,0.02911,0.01541
4.0,0.04915,0.02157,0.01271
4.01667,0.04144,0.0141,0.00992
4.03333,0.03375,0.00678,0.00706
4.05,0.02616,-0.00031,0.00418
4.06667,0.01872,-0.00713,0.00129
4.08333,0.01151,-0.01362,-0.00156
4.1,0.00456,-0.01972,-0.00434
4.11667,-0.0,-0.02136,-0.00763
4.13333,-0.0,-0.01431,-0.01205
4.15,-2e-05,-0.00735,-0.01643
4.16667,-0.00279,-0.00575,-0.02012
4.18333,-0.01353,-0.01968,-0.0217
4.2,-0.02387,-0.03293,-0.02339
4.21667,-0.03328,-0.04458,-0.02522
4.23333,-0.04166,-0.0546,-0.0271
4.25,-0.04901,-0.06304,-0.02894
4.26667,-0.05529,-0.06996,-0.03068
4.28333,-0.06051,-0.07541,-0.03224
4.3,-0.06467,-0.07946,-0.03359
4.31667,-0.06779,-0.08219,-0.03469
4.33333,-0.0699,-0.08367,-0.03551
4.35,-0.07103,-0.08399,-0.03603
4.36667,-0.07124,-0.08323,-0.03624
4.38333,-0.07056,-0.0815,-0.03614
4.4,-0.06907,-0.07887,-0.03573
4.41667,-0.06681,-0.07545,-0.03502
4.43333,-0.06387,-0.07133,-0.03402
4.45,-0.0603,-0.0666,-0.03275
4.46667,-0.05618,-0.06136,-0.03122
4.48333,-0.05158,-0.0557,-0.02946
4.5,-0.04658,-0.0497,-0.02749
4.51667,-0.04124,-0.04347,-0.02534
4.53333,-0.03565,-0.03707,-0.02305
4.55,-0.02987,-0.03058,-0.02062
4.56667,-0.02397,-0.02409,-0.0181
4.58333,-0.01802,-0.01767,-0.01552
4.6,-0.01207,-0.01137,-0.01289
4.61667,-0.0062,-0.00525,-0.01026
4.63333,-0.00045,0.00063,-0.00763
4.65,0.0,-0.00379,-0.00359
4.66667,0.0,-0.00912,0.00058
4.68333,4e-05,-0.01448,0.00486
4.7,0.00571,-0.00906,0.00775
4.71667,0.01598,0.00523,0.00952
4.73333,0.02576,0.01856,0.01147
4.75,0.03469,0.03037,0.01357
4.76667,0.0427,0.04065,0.01573
4.78333,0.04976,0.04943,0.01786
4.8,0.05583,0.05676,0.0199
4.81667,0.06092,0.06269,0.02179
4.83333,0.06502,0.06728,0.02347
4.85,0.06815,0.07059,0.02492
4.86667,0.07032,0.07269,0.02609
4.88333,0.07156,0.07366,0.02699
4.9,0.07192,0.07358,0.02758
4.91667,0.07144,0.07254,0.02786
4.93333,0.07017,0.07061,0.02785
4.95,0.06817,0.06789,0.02753
4.96667,0.06549,0.06446,0.02692
4.98333,0.0622,0.06042,0.02604
5.0,0.05837,0.05585,0.02491
5.01667,0.05406,0.05085,0.02354
5.03333,0.04935,0.04548,0.02195
5.05,0.0443,0.03984,0.02018
5.06667,0.03897,0.03401,0.01824
5.08333,0.03345,0.02806,0.01617
5.1,0.02778,0.02207,0.01398
5.11667,0.02205,0.0161,0.01172
5.13333,0.0163,0.01021,0.0094
5.15,0.01059,0.00447,0.00705
5.16667,0.00498,-0.00107,0.0047
5.18333,-0.0,-0.00542,0.00223
5.2,-0.0,-0.00013,-0.00156
5.21667,-0.0,0.00518,-0.00538
5.23333,-4e-05,0.01051,-0.00929
5.25,-0.00593,0.00461,-0.01177
5.26667,-0.01587,-0.0091,-0.01327
5.28333,-0.02529,-0.02182,-0.01496
5.3,-0.03385,-0.03304,-0.0168
5.31667,-0.04152,-0.04277,-0.01869
5.33333,-0.04824,-0.05103,-0.02057
5.35,-0.054,-0.05787,-0.02235
5.36667,-0.05879,-0.06335,-0.02399
5.38333,-0.06262,-0.06753,-0.02544
5.4,-0.0655,-0.07047,-0.02666
5.41667,-0.06745,-0.07224,-0.02763
5.43333,-0.0685,-0.07292,-0.02832
5.45,-0.0687,-0.0726,-0.02872
5.46667,-0.06808,-0.07135,-0.02884
5.48333,-0.06671,-0.06925,-0.02866
5.5,-0.06463,-0.0664,-0.02821
5.51667,-0.06191,-0.06288,-0.02747
5.53333,-0.05861,-0.05878,-0.02649
5.55,-0.05479,-0.05418,-0.02526
5.56667,-0.05052,-0.04918,-0.0238
5.58333,-0.04587,-0.04384,-0.02215
5.6,-0.04091,-0.03826,-0.02033
5.61667,-0.03569,-0.03251,-0.01836
5.63333,-0.0303,-0.02666,-0.01626
5.65,-0.02478,-0.02079,-0.01407
5.66667,-0.01921,-0.01495,-0.0118
5.68333,-0.01364,-0.00922,-0.00949
5.7,-0.00812,-0.00364,-0.00716
5.71667,-0.00271,0.00174,-0.00484
5.73333,0.0,0.00188,-0.00181
5.75,0.0,-0.00323,0.00194
5.76667,0.0,-0.0084,0.00575
5.78333,6e-05,-0.01357,0.0097
5.8,0.00964,-0.00039,0.0112
5.81667,0.01939,0.01307,0.01278
5.83333,0.0284,0.02516,0.01455
5.85,0.03654,0.03575,0.01643
5.86667,0.04377,0.04487,0.01835
5.88333,0.05006,0.05255,0.02021
5.9,0.05539,0.05885,0.02197
5.91667,0.05977,0.06382,0.02355
5.93333,0.06319,0.06752,0.02494
5.95,0.06568,0.07001,0.02608
5.96667,0.06726,0.07138,0.02696
5.98333,0.06797,0.0717,0.02757
6.0,0.06785,0.07104,0.02789
6.01667,0.06694,0.0695,0.02792
6.03333,0.0653,0.06715,0.02766
6.05,0.06299,0.06409,0.02713
6.06667,0.06006,0.06039,0.02633
6.08333,0.05658,0.05615,0.02528
6.1,0.05261,0.05145,0.024
6.11667,0.04822,0.04637,0.0225
6.13333,0.04348,0.041,0.02082
6.15,0.03845,0.03541,0.01897
6.16667,0.03321,0.02968,0.01698
6.18333,0.0278,0.02388,0.01488
6.2,0.0223,0.01808,0.01269
6.21667,0.01677,0.01234,0.01045
6.23333,0.01126,0.00672,0.00816
6.25,0.00582,0.00127,0.00587
6.26667,0.0005,-0.00396,0.00358
6.28333,-0.0,0.00014,2e-05
6.3,-0.0,0.00523,-0.0037
6.31667,-3e-05,0.01035,-0.0075
6.33333,-0.00325,0.00943,-0.01059
6.35,-0.01309,-0.0043,-0.01202
6.36667,-0.02259,-0.01732,-0.01363
6.38333,-0.03127,-0.02887,-0.01541
6.4,-0.03907,-0.03892,-0.01729
6.41667,-0.04594,-0.04751,-0.01916
6.43333,-0.05188,-0.05469,-0.02096
6.45,-0.05686,-0.06051,-0.02264
6.46667,-0.06088,-0.06501,-0.02414
6.48333,-0.06397,-0.06828,-0.02542
6.5,-0.06613,-0.07037,-0.02646
6.51667,-0.06739,-0.07136,-0.02723
6.53333,-0.0678,-0.07133,-0.02773
6.55,-0.0674,-0.07036,-0.02793
6.56667,-0.06623,-0.06853,-0.02785
6.58333,-0.06436,-0.06594,-0.02749
6.6,-0.06183,-0.06265,-0.02686
6.61667,-0.05871,-0.05877,-0.02597
6.63333,-0.05506,-0.05437,-0.02483
6.65,-0.05095,-0.04955,-0.02347
6.66667,-0.04644,-0.04438,-0.02191
6.68333,-0.04161,-0.03894,-0.02016
6.7,-0.03651,-0.03331,-0.01827
6.71667,-0.03122,-0.02757,-0.01624
6.73333,-0.02579,-0.02178,-0.01411
6.75,-0.02029,-0.01601,-0.0119
6.76667,-0.01478,-0.01032,-0.00964
6.78333,-0.0093,-0.00478,-0.00736
6.8,-0.00392,0.00058,-0.00507
6.81667,0.0,0.00312,-0.00242
6.83333,0.0,-0.00194,0.00127
6.85,0.67062,1.30402,-0.1857
6.86667,0.53228,1.04341,-0.15818
6.88333,0.36159,0.7334,-0.13524
6.9,0.20018,0.4516,-0.12601
6.91667,0.04801,0.19454,-0.12695
6.93333,-0.0693,0.00863,-0.14148
6.95,-0.20065,-0.20338,-0.15397
6.96667,-0.31828,-0.39038,-0.16921
6.98333,-0.41824,-0.54681,-0.18603
7.0,-0.49928,-0.67191,-0.20319
7.01667,-0.5616,-0.76728,-0.21962
7.03333,-0.60626,-0.83574,-0.2344
7.05,-0.63469,-0.88062,-0.24679
7.06667,-0.64838,-0.90516,-0.25622
7.08333,-0.64867,-0.91213,-0.26223
7.1,-0.63668,-0.90377,-0.26453
7.11667,-0.61329,-0.88179,-0.2629
7.13333,-0.57924,-0.84749,-0.25725
7.15,-0.53513,-0.80184,-0.24756
7.16667,-0.48155,-0.74568,-0.23388
7.18333,-0.41907,-0.67974,-0.21635
7.2,-0.34836,-0.60478,-0.19516
7.21667,-0.27017,-0.52167,-0.17058
7.23333,-0.18545,-0.43149,-0.14297
7.25,-0.09532,-0.33552,-0.11274
7.26667,-0.0011,-0.23533,-0.08038
7.28333,0.07238,-0.177,-0.04108
7.3,0.17172,-0.07166,-0.0059
7.31667,0.27517,0.0406,0.02932
7.33333,0.37735,0.15075,0.06464
7.35,0.47537,0.25456,0.09966
7.36667,0.56747,0.34973,0.13384
7.38333,0.65238,0.43481,0.16671
7.4,0.72928,0.509,0.19785
7.41667,0.79776,0.5721,0.22693
7.43333,0.85773,0.62438,0.25367
7.45,0.90935,0.66648,0.27787
7.46667,0.95292,0.69918,0.29938
7.48333,0.98882,0.72334,0.31808
7.5,1.01743,0.73978,0.3339
7.51667,1.03913,0.74922,0.34683
7.53333,1.05425,0.75228,0.35686
7.55,1.0631,0.7495,0.36403
7.56667,1.06596,0.7413,0.36839
7.58333,1.06308,0.72807,0.37001
7.6,1.05472,0.7101,0.36898
7.61667,1.0411,0.6877,0.3654
7.63333,1.02248,0.66112,0.35939
7.65,0.9991,0.63062,0.35106
7.66667,0.97124,0.59648,0.34056
7.68333,0.93921,0.55898,0.32803
7.7,0.90333,0.51846,0.31364
7.71667,0.86396,0.47526,0.29755
7.73333,0.82151,0.4298,0.27995
7.75,0.77641,0.3825,0.26103
7.76667,0.72911,0.33385,0.241
7.78333,0.68011,0.28435,0.22006
7.8,0.6299,0.23455,0.19843
7.81667,0.57901,0.18497,0.17632
7.83333,0.52794,0.13616,0.15395
7.85,0.4772,0.08864,0.13153
7.86667,0.42724,0.04289,0.10926
7.88333,0.37852,-0.00066,0.08732
7.9,0.33141,-0.04163,0.0659
7.91667,0.28627,-0.07972,0.04516
7.93333,0.24337,-0.11468,0.02525
7.95,0.20296,-0.14636,0.00628
7.96667,0.1652,-0.17465,-0.01162
7.98333,0.13024,-0.1995,-0.02836
8.0,0.09816,-0.22093,-0.04388
8.01667,0.06901,-0.239,-0.05811
8.03333,0.04279,-0.25378,-0.07102
8.05,0.01949,-0.2654,-0.08258
8.06667,-0.0,-0.27217,-0.09304
8.08333,-3e-05,-0.24369,-0.10681
8.1,-0.01432,-0.24496,-0.11498
8.11667,-0.03254,-0.25611,-0.12048
8.13333,-0.04836,-0.26479,-0.125
8.15,-0.06131,-0.27015,-0.12865
8.16667,-0.07144,-0.27233,-0.13139
8.18333,-0.07889,-0.27158,-0.13319
8.2,-0.08377,-0.26813,-0.13405
8.21667,-0.08624,-0.26223,-0.13397
8.23333,-0.08646,-0.25412,-0.13298
8.25,-0.08459,-0.24403,-0.13111
8.26667,-0.08081,-0.23219,-0.1284
8.28333,-0.0753,-0.21885,-0.12491
8.3,-0.06824,-0.20423,-0.12069
8.31667,-0.05982,-0.18856,-0.11582
8.33333,-0.05023,-0.17205,-0.11036
8.35,-0.03966,-0.15493,-0.10439
8.36667,-0.0283,-0.13741,-0.09798
8.38333,-0.01633,-0.11968,-0.09122
8.4,-0.00394,-0.10194,-0.08419
8.41667,0.0,-0.10135,-0.07448
8.43333,7e-05,-0.10903,-0.0633
8.45,0.01815,-0.08246,-0.05667
8.46667,0.03668,-0.05553,-0.04983
8.48333,0.05453,-0.03029,-0.04268
8.5,0.07142,-0.00701,-0.03537
8.51667,0.08719,0.01424,-0.02804
8.53333,0.10173,0.0334,-0.02082
8.55,0.11492,0.05044,-0.01381
8.56667,0.12669,0.06537,-0.00712
8.58333,0.13697,0.0782,-0.00083
8.6,0.14573,0.08895,0.00499
8.61667,0.15294,0.09768,0.0103
8.63333,0.15861,0.10446,0.01504
8.65,0.16275,0.10936,0.01918
8.66667,0.1654,0.11247,0.02271
8.68333,0.16659,0.1139,0.02562
8.7,0.16638,0.11374,0.0279
8.71667,0.16484,0.11212,0.02957
8.73333,0.16204,0.10915,0.03063
8.75,0.15807,0.10495,0.03111
8.76667,0.15301,0.09966,0.03103
8.78333,0.14698,0.09339,0.03043
8.8,0.14005,0.08629,0.02934
8.81667,0.13235,0.07848,0.0278
8.83333,0.12397,0.07008,0.02586
8.85,0.11503,0.06122,0.02355
8.86667,0.10563,0.05203,0.02093
8.88333,0.09587,0.04261,0.01803
8.9,0.08587,0.03309,0.01491
8.91667,0.07572,0.02357,0.01161
8.93333,0.06551,0.01416,0.00819
8.95,0.05535,0.00493,0.00467
8.96667,0.04532,-0.00402,0.00112
8.98333,0.0355,-0.0126,-0.00244
9.0,0.02596,-0.02077,-0.00596
9.01667,0.01677,-0.02844,-0.00941
9.03333,0.008,-0.03558,-0.01275
9.05,-0.0,-0.04154,-0.01604
9.06667,-0.0,-0.03228,-0.0213
9.08333,-2e-05,-0.02327,-0.02641
9.1,-0.00465,-0.02332,-0.03024
9.11667,-0.01652,-0.03766,-0.03205
9.13333,-0.02783,-0.05113,-0.03394
9.15,-0.03805,-0.06285,-0.03592
9.16667,-0.04711,-0.07281,-0.03789
9.18333,-0.05499,-0.08107,-0.03976
9.2,-0.06168,-0.08768,-0.04148
9.21667,-0.06717,-0.09271,-0.04298
9.23333,-0.07149,-0.09625,-0.04421
9.25,-0.07466,-0.09837,-0.04514
9.26667,-0.07671,-0.09917,-0.04575
9.28333,-0.07769,-0.09874,-0.04603
9.3,-0.07766,-0.09718,-0.04595
9.31667,-0.07668,-0.09458,-0.04553
9.33333,-0.0748,-0.09106,-0.04477
9.35,-0.07211,-0.08671,-0.04368
9.36667,-0.06868,-0.08165,-0.04228
9.38333,-0.06459,-0.07597,-0.04059
9.4,-0.05992,-0.06977,-0.03863
9.41667,-0.05474,-0.06316,-0.03642
9.43333,-0.04914,-0.05624,-0.03401
9.45,-0.04321,-0.04909,-0.03141
9.46667,-0.03702,-0.0418,-0.02865
9.48333,-0.03065,-0.03447,-0.02578
9.5,-0.02417,-0.02717,-0.02282
9.51667,-0.01765,-0.01997,-0.0198
9.53333,-0.01118,-0.01295,-0.01675
9.55,-0.0048,-0.00616,-0.01371
9.56667,0.0,-0.00246,-0.01029
9.58333,0.0,-0.00809,-0.00559
9.6,1e-05,-0.01378,-0.00085
9.61667,0.00108,-0.01756,0.00373
9.63333,0.01192,-0.00242,0.00577
9.65,0.02254,0.0122,0.00796
9.66667,0.03233,0.02528,0.01033
9.68333,0.04118,0.03676,0.01279
9.7,0.04906,0.04669,0.01525
9.71667,0.05593,0.05508,0.01762
9.73333,0.06177,0.06199,0.01985
9.75,0.06658,0.06748,0.02187
9.76667,0.07036,0.07161,0.02365
9.78333,0.07314,0.07444,0.02515
9.8,0.07494,0.07606,0.02636
9.81667,0.07579,0.07655,0.02724
9.83333,0.07573,0.07598,0.0278
9.85,0.07483,0.07445,0.02803
9.86667,0.07313,0.07205,0.02794
9.88333,0.0707,0.06887,0.02754
9.9,0.06759,0.065,0.02683
9.91667,0.06388,0.06053,0.02585
9.93333,0.05963,0.05555,0.0246
9.95,0.05492,0.05016,0.02311
9.96667,0.04982,0.04444,0.02141
9.98333,0.0444,0.03847,0.01951
10.0,0.03873,0.03234,0.01746
10.01667,0.03289,0.02611,0.01528
10.03333,0.02692,0.01988,0.01299
10.05,0.02091,0.0137,0.01063
10.06667,0.01492,0.00764,0.00822
10.08333,0.00899,0.00175,0.00579
10.1,0.00319,-0.0039,0.00337
10.11667,-0.0,-0.00453,0.00029
10.13333,-0.0,0.00102,-0.00365
10.15,-0.0,0.00661,-0.00763
10.16667,-0.00075,0.0109,-0.01157
10.18333,-0.01097,-0.00317,-0.01305
10.2,-0.021,-0.01681,-0.01469
10.21667,-0.03021,-0.02895,-0.01653
10.23333,-0.03851,-0.03956,-0.01847
10.25,-0.04588,-0.04867,-0.02042
10.26667,-0.05227,-0.05632,-0.02231
10.28333,-0.05769,-0.06256,-0.02408
10.3,-0.06211,-0.06745,-0.02567
10.31667,-0.06557,-0.07105,-0.02705
10.33333,-0.06806,-0.07343,-0.02817
10.35,-0.06963,-0.07466,-0.02902
10.36667,-0.0703,-0.07483,-0.02959
10.38333,-0.07012,-0.07401,-0.02985
10.4,-0.06914,-0.0723,-0.02983
10.41667,-0.06741,-0.06977,-0.02951
10.43333,-0.06499,-0.06651,-0.0289
10.45,-0.06195,-0.06262,-0.02802
10.46667,-0.05835,-0.05819,-0.02689
10.48333,-0.05425,-0.05329,-0.02552
10.5,-0.04973,-0.04801,-0.02393
10.51667,-0.04485,-0.04244,-0.02216
10.53333,-0.03968,-0.03666,-0.02022
10.55,-0.03429,-0.03074,-0.01814
10.56667,-0.02874,-0.02476,-0.01594
10.58333,-0.0231,-0.01878,-0.01366
10.6,-0.01743,-0.01287,-0.01132
10.61667,-0.01178,-0.0071,-0.00895
10.63333,-0.00621,-0.0015,-0.00656
10.65,-0.00077,0.00387,-0.0042
10.66667,0.0,0.0002,-0.00059
10.68333,0.0,-0.00498,0.00322
10.7,3e-05,-0.01019,0.00712
10.71667,0.00333,-0.00919,0.01029
10.73333,0.01326,0.00464,0.01177
10.75,0.02283,0.01773,0.01344
10.76667,0.03158,0.02934,0.01527
10.78333,0.03944,0.03945,0.01719
10.8,0.04636,0.04809,0.01911
10.81667,0.05234,0.0553,0.02095
10.83333,0.05735,0.06114,0.02266
10.85,0.0614,0.06566,0.02419
10.86667,0.06449,0.06893,0.02549
10.88333,0.06666,0.07102,0.02655
10.9,0.06793,0.072,0.02734
10.91667,0.06833,0.07195,0.02785
10.93333,0.06791,0.07095,0.02806
10.95,0.06672,0.06909,0.02799
10.96667,0.06482,0.06646,0.02763
10.98333,0.06226,0.06313,0.02699
11.0,0.0591,0.05921,0.0261
11.01667,0.05541,0.05476,0.02495
11.03333,0.05126,0.04989,0.02358
11.05,0.04671,0.04466,0.02201
11.06667,0.04183,0.03917,0.02025
11.08333,0.03669,0.03349,0.01834
11.1,0.03135,0.0277,0.0163
11.11667,0.02587,0.02186,0.01415
11.13333,0.02032,0.01604,0.01192
11.15,0.01476,0.0103,0.00965
11.16667,0.00924,0.00471,0.00734
11.18333,0.00381,-0.00069,0.00504
11.2,-0.0,-0.00297,0.00233
11.21667,-0.0,0.00214,-0.00139
11.23333,-0.0,0.00729,-0.00516
11.25,-5e-05,0.01246,-0.00905
11.26667,-0.00736,0.00365,-0.01112
11.28333,-0.01717,-0.00994,-0.01264
11.3,-0.02637,-0.02238,-0.01434
11.31667,-0.03472,-0.03332,-0.01619
11.33333,-0.04217,-0.04279,-0.01809
11.35,-0.04868,-0.05081,-0.01995
11.36667,-0.05424,-0.05744,-0.02172
11.38333,-0.05885,-0.06273,-0.02334
11.4,-0.0625,-0.06673,-0.02477
11.41667,-0.06522,-0.06951,-0.02596
11.43333,-0.06702,-0.07114,-0.0269
11.45,-0.06794,-0.07171,-0.02756
11.46667,-0.06802,-0.07129,-0.02795
11.48333,-0.0673,-0.06995,-0.02804
11.5,-0.06584,-0.0678,-0.02785
11.51667,-0.06368,-0.0649,-0.02738
11.53333,-0.0609,-0.06136,-0.02664
11.55,-0.05756,-0.05725,-0.02564
11.56667,-0.05371,-0.05266,-0.02441
11.58333,-0.04942,-0.04767,-0.02296
11.6,-0.04477,-0.04237,-0.02132
11.61667,-0.03981,-0.03683,-0.01951
11.63333,-0.03461,-0.03113,-0.01755
11.65,-0.02925,-0.02535,-0.01547
11.66667,-0.02377,-0.01955,-0.0133
11.68333,-0.01824,-0.01379,-0.01106
11.7,-0.01273,-0.00814,-0.00879
11.71667,-0.00727,-0.00265,-0.00649
11.73333,-0.00192,0.00263,-0.0042
11.75,0.0,0.00129,-0.00102
11.76667,-0.6724,-1.31837,0.19391
11.78333,-0.5184,-1.03761,0.16929
11.8,-0.33406,-0.71177,0.15082
11.81667,-0.15735,-0.41133,0.14609
11.83333,-2e-05,-0.15511,0.15419
11.85,0.14385,0.07182,0.16988
11.86667,0.28896,0.30093,0.18626
11.88333,0.41739,0.50047,0.20501
11.9,0.52515,0.66497,0.22484
11.91667,0.61109,0.79389,0.24451
11.93333,0.67587,0.88959,0.26298
11.95,0.72114,0.95597,0.27935
11.96667,0.74891,0.99736,0.29287
11.98333,0.76108,1.01769,0.30296
12.0,0.75922,1.02016,0.30917
12.01667,0.74457,1.00717,0.31121
12.03333,0.71802,0.98044,0.30891
12.05,0.68027,0.94115,0.30216
12.06667,0.63185,0.89018,0.29096
12.08333,0.57327,0.82817,0.27538
12.1,0.50503,0.75569,0.25555
12.11667,0.4277,0.67337,0.23166
12.13333,0.34203,0.58195,0.20403
12.15,0.24894,0.48247,0.17302
12.16667,0.14962,0.37625,0.1391
12.18333,0.04552,0.26499,0.10282
12.2,-0.03827,0.19478,0.05968
12.21667,-0.14762,0.07874,0.02026
12.23333,-0.26133,-0.04476,-0.01917
12.25,-0.37373,-0.16621,-0.05853
12.26667,-0.48135,-0.28043,-0.09736
12.28333,-0.582,-0.38453,-0.1351
12.3,-0.6742,-0.4767,-0.17122
12.31667,-0.75704,-0.55606,-0.2053
12.33333,-0.83017,-0.62251,-0.237
12.35,-0.89366,-0.67662,-0.26605
12.36667,-0.94784,-0.71933,-0.29225
12.38333,-0.99321,-0.75177,-0.31545
12.4,-1.03032,-0.77506,-0.33555
12.41667,-1.05969,-0.79025,-0.3525
12.43333,-1.08178,-0.7982,-0.3663
12.45,-1.09699,-0.79962,-0.37696
12.46667,-1.10568,-0.7951,-0.38453
12.48333,-1.10814,-0.7851,-0.3891
12.5,-1.10465,-0.76999,-0.39074
12.51667,-1.09546,-0.75008,-0.38955
12.53333,-1.08082,-0.72566,-0.38567
12.55,-1.06096,-0.69696,-0.3792
12.56667,-1.03614,-0.66423,-0.37028
12.58333,-1.00665,-0.62774,-0.35907
12.6,-0.97279,-0.58777,-0.34572
12.61667,-0.93489,-0.54464,-0.3304
12.63333,-0.89333,-0.49871,-0.3133
12.65,-0.84853,-0.45039,-0.2946
12.66667,-0.80093,-0.40015,-0.27453
12.68333,-0.75104,-0.34849,-0.25328
12.7,-0.69936,-0.29595,-0.23109
12.71667,-0.64644,-0.2431,-0.20818
12.73333,-0.59284,-0.19054,-0.18478
12.75,-0.5391,-0.13884,-0.16112
12.76667,-0.48575,-0.08857,-0.13744
12.78333,-0.43332,-0.04024,-0.11393
12.8,-0.38225,0.00566,-0.09081
12.81667,-0.33297,0.04874,-0.06826
12.83333,-0.28584,0.08868,-0.04645
12.85,-0.24116,0.12523,-0.02554
12.86667,-0.19918,0.15822,-0.00567
12.88333,-0.16006,0.18755,0.01306
12.9,-0.12395,0.2132,0.03056
12.91667,-0.09091,0.2352,0.04673
12.93333,-0.06099,0.25361,0.06154
12.95,-0.03418,0.26855,0.07494
12.96667,-0.01045,0.28015,0.0869
12.98333,2e-05,0.26869,0.10025
13.0,0.00682,0.25253,0.11266
13.01667,0.02712,0.2649,0.11961
13.03333,0.04549,0.27581,0.12536
13.05,0.06083,0.28323,0.13015
13.06667,0.07314,0.28721,0.13395
13.08333,0.08253,0.28798,0.13673
13.1,0.08914,0.28579,0.13849
13.11667,0.09312,0.28088,0.13921
13.13333,0.09463,0.27352,0.13893
13.15,0.09384,0.26395,0.13767
13.16667,0.09093,0.25241,0.13548
13.18333,0.08608,0.23916,0.13242
13.2,0.07948,0.22443,0.12853
13.21667,0.07134,0.20847,0.1239
13.23333,0.06185,0.1915,0.11859
13.25,0.05121,0.17376,0.11269
13.26667,0.03962,0.15547,0.10627
13.28333,0.02728,0.13685,0.09941
13.3,0.01438,0.1181,0.09221
13.31667,0.00111,0.09942,0.08474
13.33333,-0.0,0.10509,0.07359
13.35,-0.00519,0.10364,0.06317
13.36667,-0.02419,0.07594,0.05616
13.38333,-0.04333,0.04849,0.04892
13.4,-0.06164,0.02293,0.04141
13.41667,-0.0789,-0.00057,0.03378
13.43333,-0.09497,-0.02194,0.02617
13.45,-0.10971,-0.04115,0.01871
13.46667,-0.12302,-0.05816,0.01151
13.48333,-0.13484,-0.07298,0.00468
13.5,-0.1451,-0.08562,-0.00172
13.51667,-0.15376,-0.09614,-0.00761
13.53333,-0.16082,-0.10457,-0.01295
13.55,-0.16628,-0.111,-0.01769
13.56667,-0.17016,-0.11551,-0.0218
13.58333,-0.17249,-0.1182,-0.02527
13.6,-0.17333,-0.11917,-0.02809
13.61667,-0.17273,-0.11853,-0.03026
13.63333,-0.17077,-0.1164,-0.0318
13.65,-0.16753,-0.11292,-0.03271
13.66667,-0.16309,-0.1082,-0.03302
13.68333,-0.15756,-0.10238,-0.03277
13.7,-0.15104,-0.0956,-0.03198
13.71667,-0.14362,-0.08798,-0.03069
13.73333,-0.13543,-0.07967,-0.02895
13.75,-0.12657,-0.07078,-0.0268
13.76667,-0.11715,-0.06145,-0.02429
13.78333,-0.10728,-0.05181,-0.02147
13.8,-0.09707,-0.04198,-0.01837
13.81667,-0.08664,-0.03207,-0.01506
13.83333,-0.07608,-0.02219,-0.01158
13.85,-0.06549,-0.01244,-0.00797
13.86667,-0.05497,-0.00291,-0.00429
13.88333,-0.04461,0.00629,-0.00057
13.9,-0.03448,0.01511,0.00313
13.91667,-0.02468,0.02346,0.00678
13.93333,-0.01525,0.03129,0.01035
13.95,-0.00628,0.03855,0.0138
13.96667,0.0,0.0409,0.01772
13.98333,0.0,0.03135,0.02315
14.0,5e-05,0.02211,0.02845
14.01667,0.00873,0.02977,0.03135
14.03333,0.02075,0.04415,0.0333
14.05,0.03195,0.05721,0.03533
14.06667,0.042,0.06849,0.0374
14.08333,0.05087,0.07801,0.03943
14.1,0.05853,0.08581,0.04134
14.11667,0.06497,0.09196,0.04305
14.13333,0.0702,0.09654,0.04452
14.15,0.07423,0.09963,0.0457
14.16667,0.0771,0.1013,0.04657
14.18333,0.07885,0.10166,0.04709
14.2,0.07952,0.1008,0.04726
14.21667,0.07918,0.09883,0.04708
14.23333,0.07789,0.09584,0.04654
14.25,0.07572,0.09195,0.04566
14.26667,0.07274,0.08725,0.04445
14.28333,0.06902,0.08185,0.04292
14.3,0.06466,0.07587,0.0411
14.31667,0.05973,0.06939,0.03901
14.33333,0.05432,0.06252,0.03669
14.35,0.04851,0.05537,0.03416
14.36667,0.04237,0.04801,0.03145
14.38333,0.036,0.04055,0.0286
14.4,0.02947,0.03307,0.02563
14.41667,0.02285,0.02564,0.02258
14.43333,0.01622,0.01835,0.01948
14.45,0.00965,0.01125,0.01637
14.46667,0.00319,0.00442,0.01327
14.48333,-0.0,0.00392,0.00933
14.5,-0.0,0.00964,0.00453
14.51667,-3e-05,0.01541,-0.00031
14.53333,-0.00432,0.01306,-0.00413
14.55,-0.01519,-0.00203,-0.00627
14.56667,-0.02567,-0.01632,-0.00856
14.58333,-0.03527,-0.02902,-0.011
14.6,-0.04392,-0.04013,-0.01351
14.61667,-0.05157,-0.04968,-0.01598
14.63333,-0.05819,-0.0577,-0.01835
14.65,-0.06379,-0.06424,-0.02055
14.66667,-0.06834,-0.06937,-0.02253
14.68333,-0.07186,-0.07314,-0.02425
14.7,-0.07438,-0.07564,-0.02569
14.71667,-0.07591,-0.07693,-0.02682
14.73333,-0.07651,-0.07711,-0.02762
14.75,-0.07621,-0.07625,-0.0281
14.76667,-0.07507,-0.07445,-0.02824
14.78333,-0.07314,-0.0718,-0.02806
14.8,-0.07049,-0.06838,-0.02757
14.81667,-0.06718,-0.0643,-0.02678
14.83333,-0.06328,-0.05964,-0.02571
14.85,-0.05886,-0.0545,-0.02439
14.86667,-0.054,-0.04896,-0.02282
14.88333,-0.04876,-0.04312,-0.02105
14.9,-0.04323,-0.03705,-0.0191
14.91667,-0.03746,-0.03084,-0.01699
14.93333,-0.03152,-0.02456,-0.01476
14.95,-0.0255,-0.01829,-0.01243
14.96667,-0.01944,-0.01209,-0.01004
14.98333,-0.01341,-0.00602,-0.00761
15.0,-0.00747,-0.00015,-0.00516
15.01667,-0.00167,0.00547,-0.00272
15.03333,0.0,0.00312,0.00079
15.05,0.0,-0.00247,0.00475
15.06667,3e-05,-0.00807,0.00879
15.08333,0.00347,-0.00717,0.01204
15.1,0.0137,0.00686,0.01357
15.11667,0.02355,0.02014,0.01527
15.13333,0.03255,0.03192,0.01715
15.15,0.04065,0.04217,0.0191
15.16667,0.04779,0.05093,0.02105
15.18333,0.05396,0.05824,0.02291
15.2,0.05913,0.06415,0.02464
15.21667,0.06333,0.06872,0.02618
15.23333,0.06654,0.07201,0.0275
15.25,0.06881,0.0741,0.02855
15.26667,0.07015,0.07505,0.02933
15.28333,0.0706,0.07496,0.02982
15.3,0.07021,0.0739,0.03001
15.31667,0.06903,0.07197,0.02991
15.33333,0.06712,0.06924,0.02951
15.35,0.06453,0.06581,0.02883
15.36667,0.06134,0.06176,0.02788
15.38333,0.05759,0.05718,0.02668
15.4,0.05337,0.05217,0.02525
15.41667,0.04873,0.04679,0.02361
15.43333,0.04376,0.04115,0.02178
15.45,0.03851,0.03531,0.0198
15.46667,0.03306,0.02935,0.01768
15.48333,0.02747,0.02334,0.01545
15.5,0.0218,0.01736,0.01314
15.51667,0.01611,0.01146,0.01079
15.53333,0.01046,0.00571,0.0084
15.55,0.00491,0.00015,0.00601
15.56667,-0.0,-0.00418,0.0035
15.58333,-0.0,0.001,-0.00032
15.6,-0.0,0.00621,-0.00416
15.61667,-4e-05,0.01143,-0.0081
15.63333,-0.00574,0.00581,-0.01065
15.65,-0.01564,-0.00793,-0.01218
15.66667,-0.02503,-0.02069,-0.01389
15.68333,-0.03358,-0.03195,-0.01576
15.7,-0.04122,-0.04171,-0.01769
15.71667,-0.04793,-0.05001,-0.01959
15.73333,-0.05368,-0.0569,-0.02141
15.75,-0.05847,-0.06242,-0.02308
15.76667,-0.06229,-0.06664,-0.02456
15.78333,-0.06517,-0.06962,-0.02581
15.8,-0.06712,-0.07143,-0.02681
15.81667,-0.06817,-0.07216,-0.02753
15.83333,-0.06837,-0.07187,-0.02797
15.85,-0.06777,-0.07066,-0.02811
15.86667,-0.0664,-0.06861,-0.02797
15.88333,-0.06433,-0.0658,-0.02754
15.9,-0.06162,-0.06232,-0.02684
15.91667,-0.05833,-0.05825,-0.02588
15.93333,-0.05452,-0.05369,-0.02468
15.95,-0.05026,-0.04872,-0.02325
15.96667,-0.04562,-0.04342,-0.02163
15.98333,-0.04067,-0.03787,-0.01983
16.0,-0.03547,-0.03215,-0.01789
16.01667,-0.03008,-0.02633,-0.01581
16.03333,-0.02458,-0.02049,-0.01364
16.05,-0.01901,-0.01468,-0.0114
16.06667,-0.01345,-0.00896,-0.00911
16.08333,-0.00794,-0.00341,-0.00681
16.1,-0.00254,0.00195,-0.0045
16.11667,0.0,0.00176,-0.00145
16.13333,0.0,-0.00336,0.00228
16.15,0.0,-0.00854,0.00608
16.16667,6e-05,-0.01372,0.01002
16.18333,0.00999,0.00011,0.01143
16.2,0.01973,0.01355,0.013
16.21667,0.02872,0.02559,0.01477
16.23333,0.03684,0.03614,0.01665
16.25,0.04405,0.04521,0.01856
16.26667,0.05031,0.05285,0.02042
16.28333,0.05562,0.05911,0.02216
16.3,0.05998,0.06404,0.02374
16.31667,0.06338,0.0677,0.02511
16.33333,0.06585,0.07017,0.02625
16.35,0.06742,0.0715,0.02712
16.36667,0.06811,0.07179,0.02771
16.38333,0.06797,0.07111,0.02802
16.4,0.06704,0.06955,0.02804
16.41667,0.06539,0.06718,0.02778
16.43333,0.06306,0.0641,0.02723
16.45,0.06012,0.06039,0.02642
16.46667,0.05663,0.05613,0.02536
16.48333,0.05266,0.05142,0.02407
16.5,0.04826,0.04634,0.02257
16.51667,0.04352,0.04096,0.02088
16.53333,0.03849,0.03537,0.01902
16.55,0.03324,0.02963,0.01703
16.56667,0.02783,0.02383,0.01492
16.58333,0.02233,0.01803,0.01273
16.6,0.0168,0.01229,0.01048
16.61667,0.01129,0.00667,0.00819
16.63333,0.00585,0.00123,0.00589
16.65,0.00054,-0.00399,0.00361
16.66667,-0.0,2e-05,5e-05
16.68333,-0.0,0.00511,-0.00366
16.7,-3e-05,0.01023,-0.00746
16.71667,-0.34361,-0.65609,0.08623
16.73333,-0.27927,-0.53299,0.07219
16.75,-0.19717,-0.3817,0.05987
16.76667,-0.11932,-0.24363,0.05387
16.78333,-0.04712,-0.11982,0.05295
16.8,5e-05,-0.0466,0.06107
16.81667,0.05858,0.04777,0.0672
16.83333,0.11657,0.14127,0.07365
16.85,0.16711,0.22141,0.08132
16.86667,0.20951,0.28776,0.08957
16.88333,0.24371,0.34087,0.09775
16.9,0.26983,0.38154,0.10535
16.91667,0.28813,0.41068,0.11194
16.93333,0.29896,0.42923,0.11719
16.95,0.30272,0.43816,0.12085
16.96667,0.29982,0.43836,0.12273
16.98333,0.29073,0.43072,0.12274
17.0,0.27588,0.41603,0.12081
17.01667,0.25575,0.39506,0.11694
17.03333,0.2308,0.36853,0.11118
17.05,0.20153,0.33716,0.10359
17.06667,0.16844,0.30163,0.0943
17.08333,0.13206,0.26264,0.08344
17.1,0.09293,0.22086,0.07118
17.11667,0.05163,0.177,0.0577
17.13333,0.00871,0.13175,0.0432
17.15,-0.01191,0.13103,0.02157
17.16667,-0.06056,0.07737,0.00627
17.18333,-0.1112,0.02069,-0.00937
17.2,-0.16116,-0.03437,-0.02553
17.21667,-0.20953,-0.08658,-0.04199
17.23333,-0.25576,-0.13539,-0.05847
17.25,-0.29939,-0.18039,-0.07468
17.26667,-0.34003,-0.22126,-0.0904
17.28333,-0.37739,-0.25778,-0.1054
17.3,-0.41122,-0.2898,-0.1195
17.31667,-0.44136,-0.3173,-0.13254
17.33333,-0.46772,-0.34028,-0.1444
17.35,-0.49024,-0.35885,-0.15496
17.36667,-0.50892,-0.37311,-0.16416
17.38333,-0.5238,-0.38324,-0.17191
17.4,-0.53494,-0.3894,-0.1782
17.41667,-0.54242,-0.39182,-0.183
17.43333,-0.54636,-0.39068,-0.18631
17.45,-0.54689,-0.3862,-0.18814
17.46667,-0.54415,-0.37861,-0.18853
17.48333,-0.53831,-0.36813,-0.18752
17.5,-0.52953,-0.35499,-0.18515
17.51667,-0.51801,-0.33942,-0.1815
17.53333,-0.50394,-0.32168,-0.17664
17.55,-0.48755,-0.30199,-0.17065
17.56667,-0.46905,-0.28063,-0.16363
17.58333,-0.44868,-0.25784,-0.15567
17.6,-0.42668,-0.23388,-0.14687
17.61667,-0.4033,-0.20903,-0.13734
17.63333,-0.37879,-0.18356,-0.12718
17.65,-0.3534,-0.15771,-0.11652
17.66667,-0.32738,-0.13176,-0.10545
17.68333,-0.30099,-0.10595,-0.09409
17.7,-0.27447,-0.08053,-0.08255
17.71667,-0.24804,-0.05572,-0.07094
17.73333,-0.22192,-0.03172,-0.05935
17.75,-0.19632,-0.00873,-0.04788
17.76667,-0.17142,0.01308,-0.03663
17.78333,-0.14739,0.03358,-0.02567
17.8,-0.12438,0.05264,-0.01508
17.81667,-0.10252,0.07017,-0.00494
17.83333,-0.08192,0.08609,0.00469
17.85,-0.06267,0.10035,0.01377
17.86667,-0.04484,0.11291,0.02224
17.88333,-0.02847,0.12378,0.03008
17.9,-0.01362,0.13296,0.03724
17.91667,-0.00029,0.14046,0.04371
17.93333,1e-05,0.12388,0.05272
17.95,0.00094,0.1096,0.06072
17.96667,0.01536,0.12258,0.06429
17.98333,0.02884,0.13473,0.06741
18.0,0.0405,0.14447,0.07023
18.01667,0.0503,0.15179,0.07268
18.03333,0.05825,0.15683,0.07469
18.05,0.06442,0.1597,0.07622
18.06667,0.06886,0.16058,0.07724
18.08333,0.07164,0.15959,0.07771
18.1,0.07286,0.1569,0.07765
18.11667,0.07261,0.15266,0.07704
18.13333,0.071,0.14704,0.0759
18.15,0.06813,0.14019,0.07425
18.16667,0.06413,0.13228,0.07211
18.18333,0.0591,0.12345,0.06953
18.2,0.05319,0.11386,0.06653
18.21667,0.0465,0.10367,0.06316
18.23333,0.03917,0.09302,0.05947
18.25,0.03131,0.08205,0.0555
18.26667,0.02305,0.0709,0.05129
18.28333,0.01451,0.05969,0.0469
18.3,0.0058,0.04855,0.04238
18.31667,-0.0,0.0434,0.03692
18.33333,-0.0,0.04984,0.02972
18.35,-0.00046,0.05584,0.02239
18.36667,-0.01447,0.03578,0.01851
18.38333,-0.0286,0.01582,0.01446
18.4,-0.04193,-0.00248,0.01015
18.41667,-0.05431,-0.01904,0.00571
18.43333,-0.06566,-0.03383,0.00125
18.45,-0.07591,-0.04685,-0.00312
18.46667,-0.08499,-0.05813,-0.00732
18.48333,-0.09288,-0.06769,-0.01128
18.5,-0.09955,-0.07558,-0.01493
18.51667,-0.10498,-0.08184,-0.01823
18.53333,-0.1092,-0.08655,-0.02114
18.55,-0.11221,-0.08977,-0.02364
18.56667,-0.11405,-0.09158,-0.02569
18.58333,-0.11475,-0.09207,-0.02731
18.6,-0.11438,-0.09134,-0.02847
18.61667,-0.11298,-0.08949,-0.02918
18.63333,-0.11061,-0.0866,-0.02946
18.65,-0.10736,-0.08279,-0.02932
18.66667,-0.10329,-0.07817,-0.02879
18.68333,-0.09849,-0.07282,-0.02787
18.7,-0.09304,-0.06687,-0.02662
18.71667,-0.08701,-0.06041,-0.02504
18.73333,-0.0805,-0.05355,-0.02318
18.75,-0.07359,-0.04638,-0.02107
18.76667,-0.06637,-0.039,-0.01874
18.78333,-0.05892,-0.0315,-0.01624
18.8,-0.05132,-0.02397,-0.01359
18.81667,-0.04364,-0.01649,-0.01083
18.83333,-0.03597,-0.00914,-0.008
18.85,-0.02836,-0.00199,-0.00513
18.86667,-0.0209,0.00491,-0.00225
18.88333,-0.01363,0.01149,0.00061
18.9,-0.00662,0.0177,0.00341
18.91667,0.0,0.02333,0.00616
18.93333,0.0,0.01626,0.01058
18.95,0.0,0.00931,0.01494
18.96667,6e-05,0.00249,0.01933
18.98333,0.01009,0.01502,0.02107
19.0,0.02063,0.02864,0.02271
19.01667,0.03034,0.0408,0.02451
19.03333,0.03905,0.05135,0.02638
19.05,0.04673,0.0603,0.02824
19.06667,0.05335,0.06771,0.03002
19.08333,0.05891,0.07363,0.03164
19.1,0.06341,0.07813,0.03307
19.11667,0.06686,0.08128,0.03425
19.13333,0.06929,0.08316,0.03517
19.15,0.07073,0.08385,0.03579
19.16667,0.07123,0.08344,0.0361
19.18333,0.07083,0.08202,0.03611
19.2,0.0696,0.07968,0.0358
19.21667,0.06758,0.07651,0.03519
19.23333,0.06485,0.07261,0.03428
19.25,0.06148,0.06808,0.0331
19.26667,0.05753,0.063,0.03165
19.28333,0.05309,0.05748,0.02997
19.3,0.04821,0.05159,0.02807
19.31667,0.04298,0.04543,0.02598
19.33333,0.03747,0.03908,0.02373
19.35,0.03174,0.03263,0.02135
19.36667,0.02588,0.02614,0.01887
19.38333,0.01994,0.01969,0.0163
19.4,0.01399,0.01335,0.01369
19.41667,0.00809,0.00717,0.01106
19.43333,0.0023,0.00122,0.00843
19.45,-0.0,0.00205,0.00489
19.46667,-0.0,0.00736,0.00072
19.48333,-2e-05,0.01273,-0.00352
19.5,-0.00258,0.01332,-0.00722
19.51667,-0.0129,-0.00107,-0.00894
19.53333,-0.02292,-0.01485,-0.01084
19.55,-0.03211,-0.0271,-0.01291
19.56667,-0.04039,-0.03782,-0.01506
19.58333,-0.04773,-0.04703,-0.01722
19.6,-0.0541,-0.05478,-0.0193
19.61667,-0.05948,-0.06111,-0.02124
19.63333,-0.06388,-0.06609,-0.02299
19.65,-0.06729,-0.06976,-0.02451
19.66667,-0.06974,-0.07221,-0.02577
19.68333,-0.07126,-0.0735,-0.02675
19.7,-0.07188,-0.07372,-0.02744
19.71667,-0.07164,-0.07295,-0.02782
19.73333,-0.0706,-0.07128,-0.02789
19.75,-0.06881,-0.06878,-0.02766
19.76667,-0.06633,-0.06556,-0.02714
19.78333,-0.06322,-0.06169,-0.02634
19.8,-0.05954,-0.05727,-0.02528
19.81667,-0.05537,-0.05238,-0.02398
19.83333,-0.05077,-0.04711,-0.02245
19.85,-0.04582,-0.04155,-0.02073
19.86667,-0.04057,-0.03577,-0.01884
19.88333,-0.0351,-0.02985,-0.01681
19.9,-0.02947,-0.02386,-0.01466
19.91667,-0.02376,-0.01788,-0.01241
19.93333,-0.01801,-0.01197,-0.01011
19.95,-0.01228,-0.00618,-0.00777
19.96667,-0.00664,-0.00057,-0.00542
19.98333,-0.00113,0.0048,-0.00308
20.0,0.0,0.0017,0.00042
20.01667,0.0,-0.0036,0.00422
20.03333,2e-05,-0.00892,0.0081
20.05,0.00301,-0.00863,0.01133
20.06667,0.01301,0.00521,0.01278
20.08333,0.02265,0.01834,0.01441
20.1,0.03147,0.02999,0.01622
20.11667,0.03939,0.04014,0.01811
20.13333,0.04638,0.04881,0.02
20.15,0.05242,0.05605,0.02182
20.16667,0.05749,0.06191,0.02351
20.18333,0.06159,0.06646,0.02502
20.2,0.06474,0.06974,0.02631
20.21667,0.06695,0.07184,0.02735
20.23333,0.06826,0.07283,0.02813
20.25,0.0687,0.07278,0.02862
20.26667,0.06831,0.07178,0.02882
20.28333,0.06715,0.06992,0.02873
20.3,0.06527,0.06728,0.02835
20.31667,0.06272,0.06394,0.0277
20.33333,0.05958,0.06,0.02678
20.35,0.05591,0.05553,0.02562
20.36667,0.05176,0.05064,0.02423
20.38333,0.04721,0.04539,0.02263
20.4,0.04233,0.03987,0.02086
20.41667,0.03719,0.03416,0.01893
20.43333,0.03184,0.02834,0.01686
20.45,0.02635,0.02246,0.0147
20.46667,0.02079,0.01661,0.01245
20.48333,0.01521,0.01084,0.01015
20.5,0.00967,0.00521,0.00782
20.51667,0.00423,-0.00022,0.0055
20.53333,-0.0,-0.00332,0.00288
20.55,-0.0,0.00178,-0.00086
20.56667,-0.0,0.00692,-0.00464
20.58333,-4e-05,0.01208,-0.00853
20.6,-0.00654,0.00486,-0.01082
20.61667,-0.01635,-0.00877,-0.01234
20.63333,-0.02562,-0.02134,-0.01404
20.65,-0.03404,-0.03242,-0.01588
20.66667,-0.04155,-0.04201,-0.01778
20.68333,-0.04814,-0.05015,-0.01966
20.7,-0.05378,-0.05689,-0.02145
20.71667,-0.05845,-0.06228,-0.02308
20.73333,-0.06218,-0.06638,-0.02453
20.75,-0.06496,-0.06926,-0.02575
20.76667,-0.06683,-0.07098,-0.02671
20.78333,-0.06781,-0.07163,-0.0274
20.8,-0.06795,-0.07128,-0.02781
20.81667,-0.06728,-0.07001,-0.02793
20.83333,-0.06587,-0.06792,-0.02776
20.85,-0.06376,-0.06508,-0.02731
20.86667,-0.06102,-0.06158,-0.0266
20.88333,-0.05771,-0.0575,-0.02562
20.9,-0.05389,-0.05294,-0.02441
20.91667,-0.04963,-0.04798,-0.02298
20.93333,-0.045,-0.0427,-0.02135
20.95,-0.04006,-0.03717,-0.01955
20.96667,-0.03487,-0.03148,-0.01761
20.98333,-0.02951,-0.0257,-0.01554
21.0,-0.02404,-0.0199,-0.01338
21.01667,-0.01851,-0.01413,-0.01115
21.03333,-0.01299,-0.00847,-0.00887
21.05,-0.00752,-0.00297,-0.00658
21.06667,-0.00216,0.00233,-0.00429
21.08333,0.0,0.00145,-0.00117
21.1,0.0,-0.00364,0.00254
21.11667,1e-05,-0.00878,0.00632
21.13333,0.00047,-0.01319,0.01014
21.15,0.01037,0.00067,0.01153
21.16667,0.02008,0.01406,0.01309
21.18333,0.02899,0.026,0.01485
21.2,0.03704,0.03645,0.01672
21.21667,0.04417,0.04542,0.01861
21.23333,0.05037,0.05297,0.02045
21.25,0.05561,0.05915,0.02218
21.26667,0.0599,0.064,0.02373
21.28333,0.06324,0.06759,0.02509
21.3,0.06565,0.06999,0.0262
21.31667,0.06716,0.07126,0.02705
21.33333,0.0678,0.0715,0.02762
21.35,0.06761,0.07077,0.02791
21.36667,0.06665,0.06917,0.02792
21.38333,0.06496,0.06677,0.02763
21.4,0.0626,0.06366,0.02708
21.41667,0.05964,0.05993,0.02625
21.43333,0.05613,0.05566,0.02518
21.45,0.05214,0.05094,0.02388
21.46667,0.04774,0.04586,0.02237
21.48333,0.04299,0.04048,0.02068
21.5,0.03796,0.03489,0.01882
21.51667,0.03271,0.02917,0.01683
21.53333,0.02732,0.02339,0.01472
21.55,0.02183,0.01761,0.01253
21.56667,0.01631,0.01189,0.01028
21.58333,0.01082,0.0063,0.008
21.6,0.00541,0.00088,0.00571
21.61667,0.00012,-0.00431,0.00344
21.63333,-0.0,0.0005,-0.00022
21.65,-0.0,0.00558,-0.00392
21.66667,-3e-05,0.01068,-0.00772
21.68333,-0.00378,0.00871,-0.01066
21.7,-0.0136,-0.00499,-0.01209
21.71667,-0.02304,-0.01792,-0.0137
21.73333,-0.03166,-0.02936,-0.01549
21.75,-0.03939,-0.03932,-0.01736
21.76667,-0.0462,-0.04783,-0.01922
21.78333,-0.05207,-0.05492,-0.02101
21.8,-0.05698,-0.06065,-0.02267
21.81667,-0.06094,-0.06508,-0.02416
21.83333,-0.06397,-0.06828,-0.02542
21.85,-0.06607,-0.0703,-0.02644
21.86667,-0.06728,-0.07123,-0.0272
21.88333,-0.06764,-0.07114,-0.02767
21.9,-0.06719,-0.07013,-0.02786
21.91667,-0.06598,-0.06825,-0.02776
21.93333,-0.06406,-0.06562,-0.02739
21.95,-0.0615,-0.0623,-0.02674
21.96667,-0.05835,-0.05839,-0.02583
21.98333,-0.05467,-0.05398,-0.02468
22.0,-0.05054,-0.04914,-0.02331
22.01667,-0.04602,-0.04395,-0.02174
22.03333,-0.04118,-0.03851,-0.01999
22.05,-0.03608,-0.03288,-0.01809
22.06667,-0.03078,-0.02714,-0.01606
22.08333,-0.02535,-0.02136,-0.01393
22.1,-0.01986,-0.01561,-0.01172
22.11667,-0.01435,-0.00994,-0.00946
22.13333,-0.00889,-0.00441,-0.00718
22.15,-0.00352,0.00093,-0.00489
22.16667,0.0,0.0027,-0.00215
22.18333,0.0,-0.00236,0.00155
22.2,0.0,-0.00747,0.00528
22.21667,5e-05,-0.01259,0.00915
22.23333,0.00758,-0.00332,0.01113
22.25,0.01733,0.01019,0.01263
22.26667,0.02645,0.02253,0.01433
22.28333,0.03473,0.03339,0.01616
22.3,0.04211,0.04278,0.01804
22.31667,0.04856,0.05073,0.01989
22.33333,0.05407,0.05729,0.02165
22.35,0.05862,0.06251,0.02325
22.36667,0.06222,0.06646,0.02465
22.38333,0.06489,0.06919,0.02583
22.4,0.06664,0.07078,0.02675
22.41667,0.06753,0.07132,0.02741
22.43333,0.06757,0.07086,0.02777
22.45,0.06683,0.06951,0.02786
22.46667,0.06534,0.06733,0.02765
22.48333,0.06317,0.06443,0.02717
22.5,0.06038,0.06088,0.02642
22.51667,0.05703,0.05677,0.02542
22.53333,0.05317,0.05218,0.02419
22.55,0.04889,0.0472,0.02274
22.56667,0.04424,0.04191,0.0211
22.58333,0.03929,0.03639,0.01929
22.6,0.03411,0.03071,0.01734
22.61667,0.02876,0.02495,0.01527
22.63333,0.02331,0.01918,0.0131
22.65,0.0178,0.01345,0.01087
22.66667,0.01231,0.00783,0.00861
22.68333,0.00688,0.00237,0.00632
22.7,0.00156,-0.00288,0.00404
22.71667,-0.0,-0.00086,0.00078
22.73333,-0.0,0.00421,-0.00292
22.75,-1e-05,0.00932,-0.00669
22.76667,-0.00135,0.01201,-0.01026
22.78333,-0.0112,-0.00176,-0.01166
22.8,-0.02082,-0.01502,-0.01322
22.81667,-0.02964,-0.02682,-0.01498
22.83333,-0.03759,-0.03712,-0.01685
22.85,-0.04462,-0.04595,-0.01873
22.86667,-0.05071,-0.05337,-0.02055
22.88333,-0.05586,-0.05942,-0.02225
22.9,-0.06005,-0.06415,-0.02379
22.91667,-0.06329,-0.06763,-0.02511
22.93333,-0.06561,-0.06992,-0.0262
22.95,-0.06704,-0.0711,-0.02702
22.96667,-0.0676,-0.07125,-0.02756
22.98333,-0.06734,-0.07044,-0.02783
23.0,-0.06631,-0.06877,-0.0278
23.01667,-0.06456,-0.06631,-0.02749
23.03333,-0.06215,-0.06315,-0.02691
23.05,-0.05913,-0.05938,-0.02607
23.06667,-0.05558,-0.05508,-0.02497
23.08333,-0.05156,-0.05033,-0.02366
23.1,-0.04713,-0.04523,-0.02213
23.11667,-0.04236,-0.03984,-0.02043
23.13333,-0.03732,-0.03425,-0.01856
23.15,-0.03207,-0.02854,-0.01656
23.16667,-0.02667,-0.02276,-0.01445
23.18333,-0.02119,-0.017,-0.01226
23.2,-0.01569,-0.0113,-0.01001
23.21667,-0.01021,-0.00574,-0.00774
23.23333,-0.00482,-0.00035,-0.00545
23.25,0.0,0.00394,-0.00306
23.26667,0.0,-0.0011,0.00062
23.28333,0.0,-0.00618,0.00433
23.3,3e-05,-0.01128,0.00814
23.31667,0.00489,-0.00718,0.0108
23.33333,0.01468,0.00646,0.01225
23.35,0.02402,0.01921,0.01388
23.36667,0.03253,0.03049,0.01568
23.38333,0.04016,0.04028,0.01755
23.4,0.04686,0.04862,0.0194
23.41667,0.05262,0.05556,0.02118
23.43333,0.05743,0.06114,0.02283
23.45,0.06129,0.06543,0.02428
23.46667,0.06421,0.06849,0.02552
23.48333,0.06621,0.07039,0.02651
23.5,0.06733,0.07121,0.02724
23.51667,0.06759,0.07102,0.02768
23.53333,0.06706,0.0699,0.02784
23.55,0.06577,0.06795,0.02771
23.56667,0.06378,0.06524,0.02731
23.58333,0.06115,0.06186,0.02663
23.6,0.05794,0.05789,0.0257
23.61667,0.05422,0.05343,0.02452
23.63333,0.05005,0.04855,0.02313
23.65,0.04549,0.04334,0.02154
23.66667,0.04062,0.03788,0.01977
23.68333,0.0355,0.03224,0.01786
23.7,0.03019,0.0265,0.01582
23.71667,0.02476,0.02072,0.01368
23.73333,0.01926,0.01497,0.01147
23.75,0.01376,0.00932,0.00921
23.76667,0.00831,0.00381,0.00692
23.78333,0.00296,-0.0015,0.00464
23.8,-0.0,-0.00218,0.00175
23.81667,-0.0,0.00288,-0.00194
23.83333,-0.0,0.008,-0.00569
23.85,-5e-05,0.01312,-0.00957
23.86667,-0.00869,0.00173,-0.01127
23.88333,-0.01841,-0.01173,-0.01279
23.9,-0.02744,-0.02391,-0.01451
23.91667,-0.03562,-0.03459,-0.01636
23.93333,-0.04289,-0.0438,-0.01824
23.95,-0.04923,-0.05158,-0.02009
23.96667,-0.05462,-0.05798,-0.02183
23.98333,-0.05906,-0.06304,-0.02341
24.0,-0.06255,-0.06684,-0.02479
24.01667,-0.06511,-0.06943,-0.02594
24.03333,-0.06676,-0.0709,-0.02683
24.05,-0.06754,-0.0713,-0.02745
24.06667,-0.06749,-0.07074,-0.02779
24.08333,-0.06666,-0.06928,-0.02784
24.1,-0.06509,-0.06702,-0.0276
24.11667,-0.06285,-0.06403,-0.02709
24.13333,-0.05999,-0.06041,-0.02631
24.15,-0.05657,-0.05624,-0.02528
24.16667,-0.05266,-0.05161,-0.02402
24.18333,-0.04834,-0.04659,-0.02255
24.2,-0.04365,-0.04127,-0.02089
24.21667,-0.03867,-0.03573,-0.01906
24.23333,-0.03347,-0.03004,-0.0171
24.25,-0.02811,-0.02427,-0.01501
24.26667,-0.02264,-0.0185,-0.01284
24.28333,-0.01714,-0.01278,-0.01061
24.3,-0.01165,-0.00718,-0.00834
24.31667,-0.00623,-0.00174,-0.00605
24.33333,-0.00093,0.00348,-0.00378
24.35,0.0,0.00024,-0.00034
24.36667,0.0,-0.00482,0.00335
24.38333,2e-05,-0.00992,0.00713
24.4,0.00239,-0.01062,0.01043
24.41667,0.01223,0.00313,0.01184
24.43333,0.02176,0.01624,0.01342
24.45,0.03049,0.02788,0.01519
24.46667,0.03834,0.03803,0.01706
24.48333,0.04528,0.04672,0.01893
24.5,0.05127,0.054,0.02074
24.51667,0.05632,0.05991,0.02242
24.53333,0.06041,0.06452,0.02393
24.55,0.06356,0.06787,0.02523
24.56667,0.06579,0.07005,0.02629
24.58333,0.06712,0.07113,0.02708
24.6,0.0676,0.07117,0.0276
24.61667,0.06726,0.07028,0.02783
24.63333,0.06615,0.06852,0.02777
24.65,0.06433,0.06599,0.02743
24.66667,0.06185,0.06276,0.02682
24.68333,0.05878,0.05894,0.02595
24.7,0.05518,0.05459,0.02484
24.71667,0.05111,0.0498,0.0235
24.73333,0.04665,0.04467,0.02195
24.75,0.04185,0.03926,0.02023
24.76667,0.03678,0.03366,0.01835
24.78333,0.03151,0.02793,0.01634
24.8,0.0261,0.02216,0.01422
24.81667,0.02062,0.0164,0.01202
24.83333,0.01511,0.01072,0.00977
24.85,0.00965,0.00517,0.00749
24.86667,0.00427,-0.0002,0.00521
24.88333,-0.0,-0.00342,0.00267
24.9,-0.0,0.00163,-0.00102
24.91667,-0.0,0.00672,-0.00474
24.93333,-4e-05,0.01183,-0.00857
24.95,-0.00602,0.00556,-0.01094
24.96667,-0.01579,-0.00803,-0.01241
24.98333,-0.02504,-0.02061,-0.01407
25.0,-0.03346,-0.03171,-0.01588
25.01667,-0.04098,-0.04133,-0.01776
25.03333,-0.04757,-0.04951,-0.01961
25.05,-0.05322,-0.05628,-0.02138
25.06667,-0.05792,-0.06171,-0.023
25.08333,-0.06167,-0.06586,-0.02444
25.1,-0.06448,-0.06878,-0.02565
25.11667,-0.06638,-0.07055,-0.02661
25.13333,-0.0674,-0.07124,-0.02731
25.15,-0.06757,-0.07094,-0.02772
25.16667,-0.06695,-0.06972,-0.02784
25.18333,-0.06558,-0.06768,-0.02768
25.2,-0.06351,-0.06488,-0.02725
25.21667,-0.06081,-0.06143,-0.02654
25.23333,-0.05754,-0.05741,-0.02558
25.25,-0.05377,-0.05289,-0.02438
25.26667,-0.04955,-0.04797,-0.02296
25.28333,-0.04495,-0.04273,-0.02135
25.3,-0.04005,-0.03724,-0.01957
25.31667,-0.0349,-0.03159,-0.01763
25.33333,-0.02958,-0.02584,-0.01558
25.35,-0.02413,-0.02006,-0.01343
25.36667,-0.01864,-0.01433,-0.01121
25.38333,-0.01314,-0.00869,-0.00895
25.4,-0.0077,-0.0032,-0.00667
25.41667,-0.00236,0.00208,-0.00439
25.43333,0.0,0.00161,-0.00133
25.45,0.0,-0.00345,0.00236
25.46667,0.0,-0.00857,0.00612
25.48333,6e-05,-0.0137,0.01002
25.5,0.00989,1e-05,0.01141
25.51667,0.01958,0.01339,0.01296
25.53333,0.02851,0.02537,0.01471
25.55,0.03658,0.03587,0.01657
25.56667,0.04374,0.04489,0.01845
25.58333,0.04996,0.0525,0.02029
25.6,0.05523,0.05872,0.02202
25.61667,0.05955,0.06362,0.02358
25.63333,0.06292,0.06726,0.02494
25.65,0.06537,0.06971,0.02606
25.66667,0.06691,0.07103,0.02692
25.68333,0.06759,0.07131,0.02751
25.7,0.06744,0.07063,0.02781
25.71667,0.06651,0.06907,0.02782
25.73333,0.06485,0.0667,0.02755
25.75,0.06252,0.06363,0.02701
25.76667,0.05959,0.05994,0.0262
25.78333,0.05611,0.0557,0.02514
25.8,0.05215,0.05101,0.02385
25.81667,0.04777,0.04595,0.02236
25.83333,0.04304,0.04059,0.02067
25.85,0.03803,0.03503,0.01883
25.86667,0.03281,0.02932,0.01684
25.88333,0.02743,0.02355,0.01475
25.9,0.02195,0.01778,0.01257
25.91667,0.01645,0.01208,0.01033
25.93333,0.01097,0.00649,0.00805
25.95,0.00556,0.00108,0.00577
25.96667,0.00028,-0.00411,0.0035
25.98333,-0.0,0.00039,-0.00011
26.0,-0.0,0.00545,-0.0038
26.01667,-3e-05,0.01055,-0.00759
26.03333,-0.00348,0.00915,-0.01061
26.05,-0.0133,-0.00455,-0.01203
26.06667,-0.02275,-0.01752,-0.01364
26.08333,-0.03139,-0.029,-0.01542
26.1,-0.03914,-0.039,-0.01728
26.11667,-0.04598,-0.04754,-0.01914
26.13333,-0.05187,-0.05467,-0.02094
26.15,-0.05681,-0.06044,-0.0226
26.16667,-0.0608,-0.06491,-0.02409
26.18333,-0.06385,-0.06814,-0.02536
26.2,-0.06598,-0.0702,-0.02639
26.21667,-0.06721,-0.07116,-0.02715
26.23333,-0.0676,-0.07111,-0.02764
26.25,-0.06717,-0.07011,-0.02783
26.26667,-0.06598,-0.06827,-0.02775
26.28333,-0.06409,-0.06566,-0.02738
26.3,-0.06155,-0.06237,-0.02674
26.31667,-0.05841,-0.05848,-0.02584
26.33333,-0.05476,-0.05408,-0.0247
26.35,-0.05064,-0.04925,-0.02334
26.36667,-0.04614,-0.04408,-0.02177
26.38333,-0.04131,-0.03865,-0.02003
26.4,-0.03621,-0.03303,-0.01813
26.41667,-0.03093,-0.0273,-0.01611
26.43333,-0.02551,-0.02152,-0.01398
26.45,-0.02002,-0.01577,-0.01177
26.46667,-0.01451,-0.0101,-0.00952
26.48333,-0.00905,-0.00457,-0.00724
26.5,-0.00368,0.00077,-0.00496
26.51667,0.0,0.00286,-0.00226
26.53333,0.0,-0.0022,0.00143
26.55,0.0,-0.0073,0.00516
26.56667,5e-05,-0.01241,0.00902
26.58333,0.00722,-0.00383,0.01109
26.6,0.01697,0.00969,0.01258
26.61667,0.02612,0.02209,0.01427
26.63333,0.03443,0.033,0.0161
26.65,0.04184,0.04244,0.01798
26.66667,0.04832,0.05044,0.01983
26.68333,0.05386,0.05705,0.02158
26.7,0.05844,0.06231,0.02319
26.71667,0.06207,0.0663,0.0246
26.73333,0.06477,0.06908,0.02578
26.75,0.06656,0.07071,0.02672
26.76667,0.06748,0.07128,0.02738
26.78333,0.06755,0.07086,0.02775
26.8,0.06683,0.06954,0.02785
26.81667,0.06537,0.06739,0.02765
26.83333,0.06323,0.06452,0.02718
26.85,0.06046,0.06099,0.02644
26.86667,0.05712,0.0569,0.02545
26.88333,0.05329,0.05233,0.02423
26.9,0.04902,0.04736,0.02278
26.91667,0.04438,0.04209,0.02115
26.93333,0.03945,0.03657,0.01935
26.95,0.03428,0.0309,0.0174
26.96667,0.02893,0.02515,0.01533
26.98333,0.02348,0.01937,0.01317
27.0,0.01798,0.01364,0.01095
27.01667,0.01249,0.00802,0.00868
27.03333,0.00705,0.00255,0.0064
27.05,0.00173,-0.0027,0.00412
27.06667,-0.0,-0.00102,0.0009
27.08333,-0.0,0.00405,-0.0028
27.1,-1e-05,0.00916,-0.00656
27.11667,-0.00106,0.01242,-0.01021
27.13333,-0.01091,-0.00136,-0.0116
27.15,-0.02055,-0.01467,-0.01316
27.16667,-0.0294,-0.0265,-0.01492
27.18333,-0.03737,-0.03684,-0.01678
27.2,-0.04443,-0.04572,-0.01867
27.21667,-0.05055,-0.05318,-0.02049
27.23333,-0.05572,-0.05926,-0.0222
27.25,-0.05993,-0.06403,-0.02374
27.26667,-0.06321,-0.06754,-0.02507
27.28333,-0.06556,-0.06987,-0.02616
27.3,-0.06701,-0.07108,-0.02699
27.31667,-0.06759,-0.07126,-0.02755
27.33333,-0.06736,-0.07048,-0.02782
27.35,-0.06635,-0.06883,-0.0278
27.36667,-0.06462,-0.06639,-0.0275
27.38333,-0.06222,-0.06325,-0.02693
27.4,-0.05923,-0.05949,-0.02609
27.41667,-0.05569,-0.05521,-0.02501
27.43333,-0.05168,-0.05047,-0.0237
27.45,-0.04727,-0.04538,-0.02218
27.46667,-0.04251,-0.04,-0.02048
27.48333,-0.03747,-0.03442,-0.01861
27.5,-0.03223,-0.0287,-0.01662
27.51667,-0.02683,-0.02293,-0.01451
27.53333,-0.02136,-0.01717,-0.01233
27.55,-0.01585,-0.01147,-0.01008
27.56667,-0.01037,-0.0059,-0.0078
27.58333,-0.00498,-0.00051,-0.00552
27.6,0.0,0.0041,-0.00317
27.61667,0.0,-0.00095,0.00051
27.63333,0.0,-0.00602,0.00421
27.65,3e-05,-0.01111,0.00802
27.66667,0.00455,-0.00766,0.01076
27.68333,0.01435,0.006,0.0122
27.7,0.02372,0.0188,0.01383
27.71667,0.03226,0.03013,0.01562
27.73333,0.03992,0.03997,0.01749
27.75,0.04665,0.04836,0.01934
27.76667,0.05244,0.05534,0.02113
27.78333,0.05728,0.06097,0.02277
27.8,0.06117,0.0653,0.02424
27.81667,0.06412,0.06841,0.02549
27.83333,0.06615,0.07034,0.02649
27.85,0.0673,0.07119,0.02722
27.86667,0.06759,0.07104,0.02767
27.88333,0.06708,0.06995,0.02784
27.9,0.06582,0.06802,0.02772
27.91667,0.06385,0.06534,0.02732
27.93333,0.06124,0.06198,0.02666
27.95,0.05805,0.05803,0.02573
27.96667,0.05435,0.05358,0.02457
27.98333,0.05019,0.04872,0.02318
28.0,0.04565,0.04352,0.02159
28.01667,0.04078,0.03806,0.01983
28.03333,0.03567,0.03243,0.01792
28.05,0.03036,0.02669,0.01588
28.06667,0.02493,0.02091,0.01375
28.08333,0.01944,0.01516,0.01154
28.1,0.01394,0.0095,0.00928
28.11667,0.00848,0.00399,0.007
28.13333,0.00313,-0.00133,0.00472
28.15,-0.0,-0.00234,0.00187
28.16667,-0.0,0.00272,-0.00182
28.18333,-0.0,0.00783,-0.00557
28.2,-5e-05,0.01296,-0.00944
28.21667,-0.00834,0.00223,-0.01123
28.23333,-0.01807,-0.01125,-0.01274
28.25,-0.02713,-0.02348,-0.01446
28.26667,-0.03534,-0.03421,-0.0163
28.28333,-0.04265,-0.04348,-0.01818
28.3,-0.04902,-0.05131,-0.02003
28.31667,-0.05444,-0.05776,-0.02177
28.33333,-0.05891,-0.06287,-0.02336
28.35,-0.06244,-0.06671,-0.02475
28.36667,-0.06503,-0.06935,-0.0259
28.38333,-0.06672,-0.07085,-0.02681
28.4,-0.06753,-0.0713,-0.02744
28.41667,-0.06751,-0.07077,-0.02778
28.43333,-0.0667,-0.06935,-0.02784
28.45,-0.06516,-0.06711,-0.02762
28.46667,-0.06294,-0.06415,-0.02711
28.48333,-0.0601,-0.06055,-0.02634
28.5,-0.0567,-0.0564,-0.02533
28.51667,-0.05281,-0.05178,-0.02407
28.53333,-0.0485,-0.04677,-0.02261
28.55,-0.04382,-0.04146,-0.02095
28.56667,-0.03886,-0.03593,-0.01913
28.58333,-0.03366,-0.03024,-0.01717
28.6,-0.0283,-0.02448,-0.01509
28.61667,-0.02284,-0.01871,-0.01292
28.63333,-0.01734,-0.01299,-0.01069
28.65,-0.01185,-0.00738,-0.00842
28.66667,-0.00643,-0.00193,-0.00613
28.68333,-0.00112,0.0033,-0.00386
28.7,0.0,0.00043,-0.00048
28.71667,0.0,-0.00464,0.00322
28.73333,2e-05,-0.00974,0.00699
28.75,0.00207,-0.01105,0.01038
28.76667,0.01192,0.00271,0.01178
28.78333,0.02147,0.01586,0.01336
28.8,0.03023,0.02755,0.01513
28.81667,0.03811,0.03775,0.01699
28.83333,0.04508,0.04649,0.01887
28.85,0.0511,0.05381,0.02068
28.86667,0.05618,0.05976,0.02237
28.88333,0.0603,0.0644,0.02389
28.9,0.06348,0.06779,0.02519
28.91667,0.06573,0.07001,0.02626
28.93333,0.06709,0.07111,0.02706
28.95,0.06759,0.07119,0.02759
28.96667,0.06728,0.07033,0.02783
28.98333,0.06619,0.0686,0.02778
29.0,0.0644,0.06608,0.02745
29.01667,0.06194,0.06288,0.02685
29.03333,0.05889,0.05907,0.02599
29.05,0.0553,0.05473,0.02488
29.06667,0.05125,0.04996,0.02355
29.08333,0.04679,0.04484,0.02201
29.1,0.042,0.03943,0.02029
29.11667,0.03694,0.03384,0.01841
29.13333,0.03168,0.02811,0.0164
29.15,0.02628,0.02234,0.01429
29.16667,0.02079,0.01658,0.01209
29.18333,0.01529,0.01089,0.00985
29.2,0.00982,0.00534,0.00757
29.21667,0.00443,-3e-05,0.00528
29.23333,-0.0,-0.00358,0.00279
29.25,-0.0,0.00147,-0.0009
29.26667,-0.0,0.00655,-0.00461
29.28333,-4e-05,0.01166,-0.00844
29.3,-0.00567,0.00606,-0.0109
29.31667,-0.01545,-0.00755,-0.01236
29.33333,-0.02473,-0.02018,-0.01401
29.35,-0.03318,-0.03134,-0.01582
29.36667,-0.04073,-0.04101,-0.01769
29.38333,-0.04736,-0.04923,-0.01955
29.4,-0.05304,-0.05606,-0.02132
29.41667,-0.05777,-0.06154,-0.02295
29.43333,-0.06155,-0.06573,-0.02439
29.45,-0.0644,-0.06869,-0.02561
29.46667,-0.06633,-0.0705,-0.02658
29.48333,-0.06737,-0.07123,-0.02728
29.5,-0.06758,-0.07096,-0.02771
29.51667,-0.06698,-0.06978,-0.02784
29.53333,-0.06563,-0.06776,-0.02769
29.55,-0.06359,-0.06499,-0.02726
29.56667,-0.06091,-0.06156,-0.02657
29.58333,-0.05766,-0.05755,-0.02561
29.6,-0.0539,-0.05305,-0.02442
29.61667,-0.0497,-0.04815,-0.02301
29.63333,-0.04512,-0.04291,-0.02141
29.65,-0.04022,-0.03744,-0.01963
29.66667,-0.03508,-0.03179,-0.0177
29.68333,-0.02976,-0.02604,-0.01565
29.7,-0.02432,-0.02026,-0.01351
29.71667,-0.01883,-0.01452,-0.01129
29.73333,-0.01333,-0.00888,-0.00903
29.75,-0.00788,-0.00339,-0.00674
29.76667,-0.00254,0.0019,-0.00447
29.78333,0.0,0.00178,-0.00146
29.8,0.0,-0.00328,0.00223
29.81667,0.0,-0.0084,0.00599
29.83333,6e-05,-0.01352,0.00988
29.85,0.00953,-0.00052,0.01136
29.86667,0.01922,0.01288,0.01291
29.88333,0.02818,0.02492,0.01465
29.9,0.03628,0.03547,0.0165
29.91667,0.04348,0.04456,0.01839
29.93333,0.04974,0.05222,0.02023
29.95,0.05504,0.05849,0.02196
29.96667,0.0594,0.06344,0.02353
29.98333,0.06281,0.06713,0.02489
30.0,0.06529,0.06962,0.02602
30.01667,0.06686,0.07099,0.02689
